      AEWM1 = 132.50698
      MDL_GF = 1.16639D-05
      AS = 0.118
      MDL_YMB = 4.7
      MDL_YMT = 173.0
      MDL_YMTAU = 1.777
      MDL_MZ = 91.188
      MDL_MT = 172.0
      MDL_MB = 4.7
      MDL_MH = 120.0
      MDL_MTA = 1.777
      MDL_WZ = 2.44140351
      MDL_WW = 2.04759951
      MDL_WT = 1.43947825
      MDL_WH = 0.00575308848
